# Created by Octave 3.0.0, Mon Jan 23 13:12:56 2012 Hora estándar romance <unknown@unknown>
# name: A
# type: matrix
# rows: 125
# columns: 1
 2.476628646946792
 2.826034691440635
 3.028641713424089
 2.71875819110952
 2.982165771987236
 2.785930140026328
 2.437885593230753
 2.640107974934723
 2.662494821940507
 2.898231299234436
 2.595552706655699
 2.900776700419787
 3.095149068445088
 2.458058847861257
 2.574687696973979
 2.805333477478374
 2.760783333776342
 2.80117035456844
 2.652756440821015
 3.185565430412414
 2.821990890732099
 2.644499244587208
 2.240320530511698
 2.880935191847724
 2.647770912055214
 2.489442820539057
 2.803572504072816
 2.601976892248505
 2.623679813119074
 2.829158930202458
 2.647456319858101
 2.692862907449501
 2.793038571001285
 2.384585720328726
 2.753596927684658
 2.79662071577418
 2.763507208155262
 2.524163300682047
 2.52658946018797
 2.564334669650104
 2.539674168388282
 2.570195005710596
 2.830366936437689
 2.712283083056564
 2.555148049130315
 2.748020346144682
 2.552660557809873
 2.472693021184091
 2.739079402677445
 2.548744038216207
 2.79697397843159
 3.004755027166228
 2.901778883204186
 2.868320066324881
 2.726967286882196
 2.719347469564419
 2.631408047154901
 3.006761196025229
 2.779103257527812
 2.661694715731743
 2.835522138936053
 2.584786567418377
 2.503281199176616
 2.969461022769854
 2.715628407281534
 2.181493221372571
 3.08795558094326
 2.587139755495354
 2.988236106943421
 2.636131521538073
 2.842548996931759
 2.670838665567557
 2.599322009760167
 2.558109079048003
 2.786281323906916
 2.648869803014354
 2.54954384548146
 2.674868135461672
 2.605280332525392
 2.783662698480874
 2.422404420303485
 2.576281085481698
 2.413397794030888
 2.809700845362365
 2.907797449536246
 2.489685320955148
 2.534036905393097
 2.865889984653881
 2.762589058877249
 2.653364010511268
 2.662718438749061
 2.870372571169511
 2.992927275008936
 2.971654973884061
 2.529729234296127
 2.547431217118683
 2.929350894963759
 2.81987279526415
 2.909698955413246
 2.830555304914969
 2.571710523535057
 2.567121219469755
 2.825806037977755
 2.871194459733166
 2.807774054897274
 2.827486556392036
 2.828662322915368
 2.59295279862217
 2.678495672471268
 2.394993495666862
 2.296409863664499
 2.673853986707532
 2.82143908996165
 2.618421513468668
 2.546592990018116
 2.605518736534094
 2.639874204518673
 2.86062763623562
 2.358027974009864
 2.38609720771866
 2.726906361551565
 2.579100574556896
 2.636141524865758
 2.895954072425572
 2.324666993711077
# name: B
# type: matrix
# rows: 125
# columns: 1
 2.859417570238752
 2.765126372440139
 2.783566558519212
 2.978337200107469
 2.579659016568816
 2.912928116946187
 2.785932388530577
 3.04135959742124
 2.709170541700888
 2.974029303342773
 2.94441940220861
 3.112866106474938
 2.885250788956285
 2.981106180935607
 2.798747176462666
 2.887135279139664
 2.990254504486942
 3.157152383579907
 2.912443106984643
 2.396923393155428
 3.017615528167488
 2.812009857729588
 2.845567951653425
 3.025278747844781
 2.917808223571315
 2.645780449074903
 2.970482482424556
 3.127780636722695
 2.988398901848849
 3.315598510911163
 2.841307721095564
 3.142820942391319
 2.835570732684813
 3.09460475855626
 3.11539479098077
 3.138502505614169
 2.865630545665121
 2.784246555671812
 3.052793938199052
 2.988264242687246
 2.624597920918462
 2.874055847657804
 2.749988938413645
 3.147632169106012
 3.105961057289576
 3.067784752175628
 2.934359189626262
 3.008001933919091
 2.701520527780295
 2.992564532169334
 3.239702722167823
 3.028776310321847
 3.032388556879977
 3.148504519218222
 2.931820578086578
 2.951871369309004
 2.729664282083342
 2.927590068504379
 3.312019461770909
 3.042588077559143
 2.877334380506868
 2.801171382343302
 3.168054314722363
 2.896970555992224
 2.979635056725798
 3.040408556311969
 2.898207957262522
 3.016797997273874
 2.859929556608962
 3.189213871678487
 2.76478474598325
 2.936382157590591
 2.578592374619912
 3.169599659715219
 3.16364343918849
 3.021850675543404
 2.708360752528195
 2.884785858734377
 2.871644979859486
 2.851772554479399
 2.762084873956737
 2.959659889628342
 2.958690672170252
 2.831741042156235
 2.912613611343292
 2.827424754779436
 3.079327032390105
 2.703711603941419
 2.84964633162678
 2.84238385975377
 3.269580737077991
 3.114064267041504
 3.024322322106588
 3.096453800670378
 2.973293731748503
 2.891364912836158
 3.244429654822403
 2.796226681775369
 2.376286079427005
 2.73377217958403
 3.210446392664856
 3.019391329225444
 3.041479485760628
 2.922248969082009
 2.630333128816919
 3.14747038977546
 2.662185102813883
 3.339496622843462
 2.878394267677533
 3.358327364333851
 2.953460820279555
 2.758232653847708
 3.105888999053364
 2.873073711457229
 2.985455331070438
 3.125289187878343
 2.833784057417581
 3.111152962517244
 2.73279443081855
 2.885323050353462
 3.113466489311915
 2.867730528616095
 3.01483639559115
 2.690291307973782
 2.726989879112157
# name: __nargin__
# type: scalar
5
# name: home_path
# type: string
# elements: 1
# length: 18
C:\Users\HP\octave
