# Created by Octave 3.2.3, Thu Apr 10 13:50:25 2014 Hora de verano romance <unknown@unknown>
# name: A
# type: matrix
# rows: 140
# columns: 1
 7347.812249838715
 5425.651568324133
 6225.014285192571
 5025.173719034277
 7358.391930628053
 3320.936730554568
 5876.912259580103
 6035.590366735666
 6775.02606756657
 5648.651599521802
 6846.561228066425
 6067.380367914734
 5732.217875693738
 7952.833322237719
 6404.283601540577
 4713.495080480436
 5758.523822248538
 5029.952033920466
 4975.331693923699
 8877.890070016419
 5901.549589447284
 5839.404930745777
 6192.306043691791
 6048.464337163115
 7096.728324102284
 6574.65795962638
 6146.130188489537
 8507.628394821044
 4727.380942623265
 5570.709151507823
 6352.121390159539
 5086.349321595512
 8029.572616984182
 3744.177713142384
 7070.015557795456
 7010.231105870218
 6018.84622721213
 6368.780760317053
 4302.428235025088
 4738.636700017311
 6397.66043695167
 4943.830725603696
 4349.225763258966
 7773.522762887225
 7361.457676127726
 6363.24336073778
 6200.400161829551
 4952.021559940424
 4341.117040216195
 5605.729442913807
 4272.383573107216
 5598.275753868412
 6539.740602945519
 7151.206402918554
 6379.797459118392
 3856.433204770106
 5233.718159046684
 6224.759053856637
 5552.68886899119
 5997.589328340395
 7040.983643821492
 5934.590045420636
 7186.371575273911
 5672.380843414135
 6183.00782487088
 7327.646489237121
 5993.664708502226
 5137.503698728719
 3845.826813354508
 4998.208999334639
 6861.979419311667
 5315.580511444841
 4770.170546071193
 6548.327355569754
 6862.328483570181
 5070.870331323768
 7418.367489920394
 4411.281829687558
 5886.706088607049
 6480.12524052847
 3241.286584288314
 7511.481731374835
 4418.268578497418
 6389.380062048673
 4914.9742282731
 3955.416332915369
 6374.981443053093
 5460.079910863836
 7026.835922987604
 7052.261041639728
 5924.070053816487
 6412.407795288692
 8258.803748779137
 5791.940979222491
 6639.125162029629
 5914.186160996362
 4583.750882799601
 9166.716336771718
 6688.63771652565
 6907.112144902875
 7089.926901651033
 4464.648012911211
 5827.736420814062
 6514.542413347566
 5524.239569301833
 5901.144450100697
 7248.404278515847
 5175.160270273442
 5068.99436978889
 5954.519795021003
 6675.987060930939
 6281.252589050467
 5712.540129602135
 4737.68284861661
 6103.332269251778
 5813.044116981238
 6420.378992469318
 5020.469099741614
 6277.53894027392
 6064.444575557965
 4520.781395701439
 5273.093464860103
 4957.036792380699
 5829.091171814754
 7748.10761582924
 5670.338142841567
 6199.917995580985
 4698.537252266111
 7667.604677543328
 5420.026980394564
 5107.760481038023
 7865.351062939062
 8517.165227713314
 6738.125902420051
 6959.316936298545
 5560.333721127198
 6500.202546791607
 6987.117121055326
 5776.417843299408
 5748.641565423601
# name: B
# type: matrix
# rows: 105
# columns: 1
 14076.1219365715
 3358.015915936075
 915.9783250807677
 13240.01811707941
 8355.951078829823
 11983.90699064293
 2054.235515066215
 7229.820797649111
 8702.502443252732
 4637.949101791948
 12358.05138397905
 11525.86010330192
 1337.367676584399
 14893.93218777953
 8086.523890211656
 5818.892108928279
 9140.229475910353
 570.8564390343781
 4413.781569290389
 5357.539116452972
 5653.176580505333
 6503.086924483919
 4149.93666477068
 6214.410067977618
 3104.504207306472
 8708.286423294629
 15963.97421762704
 8583.554606121468
 1396.224500479055
 429.626322490727
 4071.894501898266
 6052.237350499359
 2159.515890152494
 10923.92973258827
 13081.50662646649
 3064.694130962845
 1705.464458442454
 9243.176728187325
 1153.847580695728
 841.0145563237693
 8724.145781190044
 466.0633806679398
 10005.07404497346
 1728.802705245347
 7803.717060464744
 15539.7848863795
 11714.82514367142
 13573.42491316565
 7332.817298339519
 11966.75526002951
 5481.05029072495
 18017.01997573602
 2036.996021912222
 4907.141374733823
 24570.86737479005
 5220.409105675905
 597.3975065724972
 17637.97708617072
 9220.364905013119
 15069.1683409492
 4880.707500573219
 4264.74143192107
 17665.98778544499
 14980.98603623131
 13693.38217147195
 9735.848240342062
 667.5329489870346
 5269.893330116169
 7365.147625248137
 11375.83061842033
 446.6268511960125
 10256.48454650135
 1133.613452882255
 12939.64120937733
 7659.497902527552
 18417.11221639276
 9434.346937812494
 10460.40728151257
 14086.99440176461
 1686.866562362873
 10849.38664029992
 7665.65338491498
 14465.64781492081
 4342.423288490204
 4894.873668567952
 11719.12157190212
 2439.552337445261
 2288.328083196861
 7190.807645826393
 2468.327924681608
 5028.070922954978
 4837.8569143239
 4510.161194413648
 11834.01923064152
 10639.36070104117
 326.122973617993
 3606.525533544152
 1352.553955239415
 12417.64867704391
 5548.085707835243
 10255.46214358126
 11319.79953422052
 977.4453601574605
 9682.410756378087
 11869.52690996153
# name: __nargin__
# type: scalar
5
# name: home_path
# type: string
# elements: 1
# length: 18
C:\Users\HP\octave
