# Created by Octave 3.2.3, Thu Apr 16 11:57:31 2015 Hora de verano romance <unknown@unknown>
# name: B
# type: matrix
# rows: 50
# columns: 1
 6
 5
 7
 7
 7
 10
 9
 6
 7
 8
 8
 7
 5
 6
 7
 5
 7
 7
 9
 8
 8
 7
 8
 7
 4
 3
 7
 9
 4
 8
 5
 8
 5
 7
 8
 8
 8
 8
 7
 8
 9
 8
 4
 8
 5
 6
 7
 6
 6
 4
