# Created by Octave 3.2.3, Fri May 17 17:49:14 2013 Hora de verano romance <unknown@unknown>
# name: A
# type: matrix
# rows: 19
# columns: 1
 2.7
 2.65
 2.83
 2.95
 2.64
 2.45
 3.01
 2.56
 2.76
 2.99
 2.76
 2.87
 3.05
 2.65
 3.09
 3.05
 2.99
 2.67
 3.02
# name: B
# type: matrix
# rows: 19
# columns: 1
 2.87
 2.76
 2.78
 2.67
 2.97
 2.99
 2.87
 2.93
 2.78
 2.98
 3.01
 2.84
 2.88
 2.79
 2.89
 2.91
 2.87
 2.88
 2.92
