# Created by Octave 4.2.1, Thu Apr 29 14:48:13 2021 GMT <unknown@unknown>
# name: A
# type: matrix
# rows: 20
# columns: 1
 1199.3
 1200.2
 1200.9
 1198.3
 1200.5
 1200.3
 1200.5
 1199.5
 1200.8
 1200
 1200.4
 1199.7
 1199.7
 1199.7
 1198.7
 1199.4
 1200.5
 1199.8
 1199.1
 1199.4


# name: B
# type: matrix
# rows: 15
# columns: 1
 1318.4
 1299.7
 1301.3
 1294.7
 1310.8
 1306.3
 1296.2
 1309.6
 1287.5
 1310.7
 1303.2
 1308.9
 1307.7
 1297.2
 1314.6


# name: __nargin__
# type: scalar
5


