# Created by Octave 3.2.3, Thu Apr 10 13:46:31 2014 Hora de verano romance <unknown@unknown>
# name: A
# type: matrix
# rows: 10
# columns: 1
 7.97452
 3.87601
 0.61877
 8.52384
 2.5074
 6.63117
 8.837949999999999
 10.01265
 3.1715
 6.39356
