# Created by Octave 3.2.3, Wed May 22 17:07:50 2013 Hora de verano romance <unknown@unknown>
# name: A
# type: matrix
# rows: 80
# columns: 1
 42.47336104945235
 30.2500677585443
 35.89308785786287
 60.72113698240959
 45.42470615579588
 61.97951236057789
 39.95721753507399
 39.94448477980473
 26.88000055848089
 35.75931116280292
 59.14204981544769
 39.92923673496112
 51.47332565993583
 39.00072665419743
 25.56420555883048
 39.0558004919691
 35.85498977754464
 19.42958165751806
 39.04116432415315
 51.01598397287582
 43.18924368832111
 39.87974594864085
 31.57213668708823
 41.85261838032999
 32.68942263729618
 34.88503248045001
 35.07030095613597
 52.9551067416977
 22.02084261526157
 48.49445652631033
 40.74392193287209
 25.24134779082793
 68.54309545474062
 40.93363797605307
 25.69376178010378
 44.50815254440697
 49.15352300913594
 30.41625287801708
 34.09350797839605
 54.9371544596518
 55.65387830870517
 38.90610002877329
 24.11381887787973
 39.38167129401827
 56.80795994638615
 48.7260717950181
 33.72162895739371
 40.53747104830896
 49.78333011882423
 38.85200011064781
 45.12419775043237
 40.48868237699433
 42.10727019642756
 54.95240965009766
 57.92261265610283
 55.48118937398675
 10.92704067394493
 48.10113826111405
 64.38376966087974
 32.97458648364799
 41.30176330853492
 58.81293245992751
 27.82022836253658
 44.89319816034447
 22.93348744534287
 63.12234547269231
 39.45406120434113
 54.27388865399391
 54.06448632909238
 35.75977380189936
 29.26936356195178
 34.4100347874026
 23.58598019038934
 43.99550461170755
 50.88576957838838
 40.01767294221896
 46.84200295433242
 51.39300087197255
 41.29785310770583
 43.96290553740394
# name: __nargin__
# type: scalar
5
# name: home_path
# type: string
# elements: 1
# length: 18
C:\Users\HP\octave
