# Created by Octave 3.0.0, Mon Jan 23 13:08:48 2012 Hora estándar romance <unknown@unknown>
# name: A
# type: matrix
# rows: 28
# columns: 1
 18.12282177246528
 20.13306502726559
 19.73340020078431
 18.11673765258412
 14.04803480290812
 19.2079453940877
 19.14465962269853
 21.05314240225042
 22.55244691332939
 21.74671557213457
 18.1618594105704
 22.22277421589025
 20.82393359823778
 19.52734256459128
 17.83202223531087
 20.09782899010101
 19.26266354484797
 19.9583443600171
 19.64010640470844
 21.61875102942531
 18.40930601264092
 20.28851986446422
 21.397144431393
 20.56310726667961
 20.59055701147856
 22.17200027953711
 18.59613636036182
 19.6805537441769
# name: __nargin__
# type: scalar
5
