# Created by Octave 3.2.3, Wed May 22 17:05:41 2013 Hora de verano romance <unknown@unknown>
# name: A
# type: matrix
# rows: 17
# columns: 5
 0 34 15231 4 1900
 1 26 12231 4 1600
 0 39 14150 3 1800
 1 61 9020 2 1600
 1 52 11574 4 1600
 1 38 12390 3 1400
 0 57 19265 2 1600
 1 43 12132 1 1600
 0 49 20780 3 2100
 0 36 18052 4 1800
 1 61 10020 2 1400
 1 52 12574 1 1800
 1 38 12490 3 1400
 0 57 15265 4 1600
 1 43 12432 1 1900
 0 49 20780 3 2100
 0 19 18052 4 1800
# name: __nargin__
# type: scalar
5
# name: home_path
# type: string
# elements: 1
# length: 22
C:\Users\Miguel\octave
