# Created by Octave 3.0.0, Mon Jan 23 13:07:40 2012 Hora estándar romance <unknown@unknown>
# name: A
# type: matrix
# rows: 135
# columns: 1
 0.6710467425782799
 0.6629274580604067
 0.6769150787521132
 0.6554215834082746
 0.6635838865892058
 0.6370868954588558
 0.6682972168759123
 0.6688690663822785
 0.6506347662913787
 0.6465019414349147
 0.662714765770218
 0.6800390323335663
 0.6630123605006493
 0.6504724820174993
 0.6662417627237802
 0.6610362782766519
 0.6526465421966148
 0.661694145986518
 0.6648064379258208
 0.6565750030681655
 0.6456107733797762
 0.6392460716306547
 0.645252076004483
 0.655236309208952
 0.6502152185277417
 0.6506572777888523
 0.6401852425202925
 0.6695635690750251
 0.6525323234666185
 0.6588847787636258
 0.6670789846644653
 0.6759112604678692
 0.6342844785330004
 0.6587216158496171
 0.6649102127997542
 0.6781737734775609
 0.6602166658126011
 0.64921415072075
 0.6707367637865513
 0.6736099860348628
 0.6773020679277159
 0.659602399865313
 0.6600854000419374
 0.664559009212505
 0.660504789597545
 0.6800853294963315
 0.654201712947567
 0.6713927893715984
 0.6743892563244371
 0.6602582481490958
 0.6828283496247598
 0.6668781918709097
 0.6654576980584163
 0.6855968189165528
 0.646098799402929
 0.6534895075859636
 0.6602445808930356
 0.6696090142470621
 0.6751948134308521
 0.6612252297973544
 0.6495444722874054
 0.6584471928235044
 0.6499361643079056
 0.6608464623280395
 0.6736881430143272
 0.6709731454780324
 0.6595403443706251
 0.6549837981284217
 0.6564401503802804
 0.671869290606809
 0.6567433888037498
 0.6603231954195578
 0.6531150042928465
 0.6706108638824375
 0.6601389789076068
 0.6596136658643692
 0.6736592923172777
 0.6582472411709788
 0.6688606924954552
 0.6567154930962252
 0.6584490028797579
 0.6517770648737886
 0.6566480119372676
 0.6485694508249389
 0.6532824988019752
 0.6636883632334619
 0.6682995877271591
 0.644899943201023
 0.6603689299510203
 0.6642155459621006
 0.6598099383052002
 0.6599368831532274
 0.6739527337668013
 0.6555650385946271
 0.6602232540679374
 0.652390445570451
 0.652433208710552
 0.6531179901254596
 0.6645308033405075
 0.6458423218368427
 0.6684777055015221
 0.6652917332526857
 0.6618606155011417
 0.6554147882595608
 0.6498147908413183
 0.6562491117557986
 0.649157743657079
 0.6583831329048097
 0.6622597494482428
 0.6632399425863778
 0.656098333396389
 0.6622021293159858
 0.6744058843723133
 0.6614511644964949
 0.6633950998512188
 0.6617843542078497
 0.6693069240472299
 0.6608262265607253
 0.6761272225468042
 0.6652034134641738
 0.6676836531170213
 0.6582140719484476
 0.6618288134479996
 0.6528538482024575
 0.6740035100506711
 0.6642795700374211
 0.6598741876438574
 0.6681385093744965
 0.6727891582186106
 0.6716481777918564
 0.6746911354867624
 0.6509767503490368
 0.66196717766864
 0.6443484857626154
 0.6402182430885539
# name: __nargin__
# type: scalar
5
# name: home_path
# type: string
# elements: 1
# length: 18
C:\Users\HP\octave
