# Created by Octave 3.2.3, Thu Apr 10 13:55:20 2014 Hora de verano romance <unknown@unknown>
# name: A
# type: matrix
# rows: 20
# columns: 1
 20
 18
 22
 32
 17
 25
 34
 19
 17
 27
 24
 31
 17
 23
 26
 28
 30
 26
 33
 12
# name: B
# type: matrix
# rows: 17
# columns: 1
 6
 12
 17
 7
 21
 34
 6
 12
 18
 12
 11
 8
 28
 17
 15
 16
 14
